timestamp: 1745176008.0014248
battery: 17
height_cm: 80
flight_time_s: 14
speed_x: 0
speed_y: 0
speed_z: 0
acc_x: 20.0
acc_y: -23.0
acc_z: -998.0
tof_cm: 81
temperature_C: 85.0
pitch: 0.0
roll: 1.0
yaw: 0.0
barometer_cm: -40.861874
wifi_snr: 90.0
