timestamp: 1745176022.698913
battery: 17
height_cm: 80
flight_time_s: 29
speed_x: 0
speed_y: 0
speed_z: 0
acc_x: 19.0
acc_y: -12.0
acc_z: -1006.0
tof_cm: 82
temperature_C: 83.0
pitch: 0.0
roll: 1.0
yaw: 0.0
barometer_cm: -40.682922
wifi_snr: 90.0
