timestamp: 1745176843.852154
battery: 89
height_cm: 70
flight_time_s: 55
speed_x: 0
speed_y: 0
speed_z: 0
acc_x: 19.0
acc_y: 0.0
acc_z: -1010.0
tof_cm: 81
temperature_C: 81.5
pitch: 1.0
roll: 0.0
yaw: 0.0
barometer_cm: -39.609089
wifi_snr: 90.0
