timestamp: 1745176011.612457
battery: 17
height_cm: 80
flight_time_s: 18
speed_x: 0
speed_y: 0
speed_z: 0
acc_x: 23.0
acc_y: -9.0
acc_z: -998.0
tof_cm: 82
temperature_C: 85.0
pitch: 0.0
roll: 0.0
yaw: 0.0
barometer_cm: -40.794334
wifi_snr: 90.0
