timestamp: 1745176170.155495
battery: 8
height_cm: 10
flight_time_s: 37
speed_x: 0
speed_y: 0
speed_z: 0
acc_x: -18.0
acc_y: -6.0
acc_z: -1016.0
tof_cm: 29
temperature_C: 82.0
pitch: 0.0
roll: 1.0
yaw: 0.0
barometer_cm: -41.093197
wifi_snr: 90.0
