timestamp: 1745177615.304994
battery: 69
height_cm: 60
flight_time_s: 52
speed_x: 0
speed_y: 0
speed_z: 0
acc_x: -26.0
acc_y: 15.0
acc_z: -1008.0
tof_cm: 80
temperature_C: 82.5
pitch: 0.0
roll: 0.0
yaw: 115.0
barometer_cm: -38.997257
wifi_snr: None
