timestamp: 1745176830.478985
battery: 90
height_cm: 60
flight_time_s: 41
speed_x: 0
speed_y: 0
speed_z: 0
acc_x: -12.0
acc_y: 2.0
acc_z: -1023.0
tof_cm: 79
temperature_C: 83.5
pitch: 0.0
roll: 0.0
yaw: 0.0
barometer_cm: -39.657684
wifi_snr: 90.0
