timestamp: 1745177104.902317
battery: 80
height_cm: 0
flight_time_s: 0
speed_x: 0
speed_y: 0
speed_z: 0
acc_x: -6.0
acc_y: 0.0
acc_z: -999.0
tof_cm: 10
temperature_C: 84.5
pitch: 0.0
roll: 0.0
yaw: 0.0
barometer_cm: -40.603996
wifi_snr: 90.0
