timestamp: 1745177129.75007
battery: 80
height_cm: 60
flight_time_s: 24
speed_x: 0
speed_y: 0
speed_z: 0
acc_x: 15.0
acc_y: -30.0
acc_z: -989.0
tof_cm: 82
temperature_C: 81.5
pitch: 0.0
roll: 1.0
yaw: 0.0
barometer_cm: -39.732079
wifi_snr: 90.0
