timestamp: 1745176144.5155451
battery: 8
height_cm: 10
flight_time_s: 11
speed_x: 0
speed_y: 0
speed_z: 0
acc_x: -7.0
acc_y: -11.0
acc_z: -990.0
tof_cm: 29
temperature_C: 86.0
pitch: 0.0
roll: 1.0
yaw: 0.0
barometer_cm: -41.027931
wifi_snr: 90.0
