timestamp: 1745175813.8103921
battery: 33
height_cm: 60
flight_time_s: 31
speed_x: 1
speed_y: 0
speed_z: 0
acc_x: 0.0
acc_y: 6.0
acc_z: -1022.0
tof_cm: 73
temperature_C: 76.0
pitch: 0.0
roll: 0.0
yaw: 12.0
barometer_cm: -41.064941
wifi_snr: 90.0
