timestamp: 1745176810.364583
battery: 90
height_cm: 60
flight_time_s: 21
speed_x: 0
speed_y: 0
speed_z: 0
acc_x: 3.0
acc_y: -6.0
acc_z: -1008.0
tof_cm: 79
temperature_C: 85.5
pitch: 1.0
roll: 0.0
yaw: 0.0
barometer_cm: -39.620239
wifi_snr: 90.0
