timestamp: 1745176009.418027
battery: 17
height_cm: 80
flight_time_s: 16
speed_x: 0
speed_y: 0
speed_z: 0
acc_x: -9.0
acc_y: 1.0
acc_z: -1011.0
tof_cm: 81
temperature_C: 85.5
pitch: 0.0
roll: 0.0
yaw: 0.0
barometer_cm: -40.867031
wifi_snr: 90.0
