timestamp: 1745176809.378816
battery: 90
height_cm: 60
flight_time_s: 20
speed_x: 0
speed_y: 0
speed_z: 0
acc_x: -6.0
acc_y: 3.0
acc_z: -1001.0
tof_cm: 79
temperature_C: 86.0
pitch: 0.0
roll: 0.0
yaw: 0.0
barometer_cm: -39.687889
wifi_snr: 90.0
