timestamp: 1745175815.688902
battery: 33
height_cm: 60
flight_time_s: 33
speed_x: 0
speed_y: 0
speed_z: 0
acc_x: 11.0
acc_y: -38.0
acc_z: -984.0
tof_cm: 76
temperature_C: 76.0
pitch: 0.0
roll: 1.0
yaw: 0.0
barometer_cm: -41.022026
wifi_snr: 90.0
