timestamp: 1745176794.528914
battery: 90
height_cm: 60
flight_time_s: 5
speed_x: 0
speed_y: 0
speed_z: 0
acc_x: 1.0
acc_y: 0.0
acc_z: -997.0
tof_cm: 77
temperature_C: 90.5
pitch: 0.0
roll: 0.0
yaw: 0.0
barometer_cm: -39.742805
wifi_snr: 90.0
