timestamp: 1745176832.43617
battery: 90
height_cm: 60
flight_time_s: 43
speed_x: 0
speed_y: 0
speed_z: 0
acc_x: -13.0
acc_y: 0.0
acc_z: -1028.0
tof_cm: 78
temperature_C: 82.0
pitch: 0.0
roll: 0.0
yaw: 0.0
barometer_cm: -39.648243
wifi_snr: -39.648243
