timestamp: 1745175811.082693
battery: 34
height_cm: 60
flight_time_s: 28
speed_x: 0
speed_y: 0
speed_z: 0
acc_x: 7.0
acc_y: 12.0
acc_z: -979.0
tof_cm: 69
temperature_C: 76.5
pitch: 0.0
roll: -1.0
yaw: 71.0
barometer_cm: -41.096767
wifi_snr: 90.0
