timestamp: 1745175796.4874299
battery: 34
height_cm: 60
flight_time_s: 14
speed_x: 0
speed_y: 0
speed_z: 0
acc_x: 7.0
acc_y: -10.0
acc_z: -997.0
tof_cm: 84
temperature_C: 76.5
pitch: 0.0
roll: 1.0
yaw: 0.0
barometer_cm: -40.913208
wifi_snr: 90.0
