timestamp: 1745177131.089609
battery: 80
height_cm: 60
flight_time_s: 26
speed_x: 0
speed_y: 0
speed_z: 0
acc_x: 11.0
acc_y: -6.0
acc_z: -1005.0
tof_cm: 80
temperature_C: 82.0
pitch: 0.0
roll: 1.0
yaw: 0.0
barometer_cm: -39.654274
wifi_snr: 90.0
