timestamp: 1745176795.275024
battery: 90
height_cm: 60
flight_time_s: 6
speed_x: 0
speed_y: 0
speed_z: 0
acc_x: 4.0
acc_y: -7.0
acc_z: -1009.0
tof_cm: 78
temperature_C: 89.5
pitch: 1.0
roll: 0.0
yaw: 0.0
barometer_cm: -39.653645
wifi_snr: 90.0
