timestamp: 1745176021.404196
battery: 17
height_cm: 80
flight_time_s: 27
speed_x: 0
speed_y: 0
speed_z: 0
acc_x: -14.0
acc_y: 3.0
acc_z: -996.0
tof_cm: 82
temperature_C: 83.0
pitch: 0.0
roll: 1.0
yaw: 0.0
barometer_cm: -40.661259
wifi_snr: 90.0
