timestamp: 1745177105.3827121
battery: 80
height_cm: 0
flight_time_s: 0
speed_x: 0
speed_y: 0
speed_z: 0
acc_x: -17.0
acc_y: 0.0
acc_z: -1005.0
tof_cm: 10
temperature_C: 84.0
pitch: 0.0
roll: 0.0
yaw: 0.0
barometer_cm: -40.603996
wifi_snr: 90.0
