timestamp: 1745176011.168038
battery: 17
height_cm: 80
flight_time_s: 17
speed_x: 0
speed_y: 0
speed_z: 0
acc_x: 15.0
acc_y: -22.0
acc_z: -985.0
tof_cm: 82
temperature_C: 85.0
pitch: 0.0
roll: 0.0
yaw: 0.0
barometer_cm: -40.794495
wifi_snr: 90.0
