timestamp: 1745176820.512073
battery: 90
height_cm: 70
flight_time_s: 31
speed_x: 0
speed_y: 0
speed_z: 0
acc_x: 14.0
acc_y: -9.0
acc_z: -1013.0
tof_cm: 83
temperature_C: 83.5
pitch: 1.0
roll: 1.0
yaw: 0.0
barometer_cm: -39.535816
wifi_snr: 90.0
