timestamp: 1745176844.2977622
battery: 88
height_cm: 70
flight_time_s: 55
speed_x: 0
speed_y: 0
speed_z: 0
acc_x: 15.0
acc_y: -4.0
acc_z: -994.0
tof_cm: 82
temperature_C: 81.5
pitch: 0.0
roll: 0.0
yaw: 0.0
barometer_cm: -39.525475
wifi_snr: 90.0
