timestamp: 1745176809.923577
battery: 90
height_cm: 60
flight_time_s: 21
speed_x: 0
speed_y: 0
speed_z: 0
acc_x: -4.0
acc_y: -3.0
acc_z: -1008.0
tof_cm: 79
temperature_C: 86.0
pitch: 1.0
roll: 1.0
yaw: 0.0
barometer_cm: -39.635532
wifi_snr: 90.0
