timestamp: 1745175998.745169
battery: 17
height_cm: 80
flight_time_s: 5
speed_x: 0
speed_y: 0
speed_z: 0
acc_x: -8.0
acc_y: -12.0
acc_z: -1013.0
tof_cm: 80
temperature_C: 88.5
pitch: 0.0
roll: 0.0
yaw: 0.0
barometer_cm: -40.883938
wifi_snr: 90.0
