timestamp: 1745176132.790685
battery: 11
height_cm: 0
flight_time_s: 0
speed_x: 0
speed_y: 0
speed_z: 0
acc_x: -7.0
acc_y: 0.0
acc_z: -998.0
tof_cm: 10
temperature_C: 89.5
barometer_cm: -41.478085
wifi_snr: 90.0
