timestamp: 1745177128.309866
battery: 80
height_cm: 60
flight_time_s: 23
speed_x: 0
speed_y: 0
speed_z: 0
acc_x: -3.0
acc_y: 0.0
acc_z: -1009.0
tof_cm: 81
temperature_C: 82.0
pitch: 0.0
roll: 1.0
yaw: 0.0
barometer_cm: -39.722374
wifi_snr: 90.0
