timestamp: 1745176146.769933
battery: 8
height_cm: 10
flight_time_s: 13
speed_x: 0
speed_y: 0
speed_z: 0
acc_x: -2.0
acc_y: 0.0
acc_z: -1004.0
tof_cm: 29
temperature_C: 85.5
pitch: 0.0
roll: 0.0
yaw: 0.0
barometer_cm: -41.045925
wifi_snr: 90.0
