timestamp: 1745176010.2851021
battery: 17
height_cm: 80
flight_time_s: 16
speed_x: 0
speed_y: 0
speed_z: 0
acc_x: 21.0
acc_y: -6.0
acc_z: -993.0
tof_cm: 81
temperature_C: 85.0
pitch: 1.0
roll: 0.0
yaw: 0.0
barometer_cm: -40.809357
wifi_snr: 90.0
