timestamp: 1745176158.236733
battery: 8
height_cm: 10
flight_time_s: 25
speed_x: 0
speed_y: 0
speed_z: 0
acc_x: -16.0
acc_y: -5.0
acc_z: -1007.0
tof_cm: 29
temperature_C: 83.5
pitch: 0.0
roll: 1.0
yaw: 0.0
barometer_cm: -41.255135
wifi_snr: 90.0
