timestamp: 1745176845.840561
battery: 88
height_cm: 60
flight_time_s: 57
speed_x: 0
speed_y: 0
speed_z: 0
acc_x: -2.0
acc_y: -9.0
acc_z: -1009.0
tof_cm: 80
temperature_C: 81.0
pitch: 0.0
roll: 1.0
yaw: 0.0
barometer_cm: -39.622974
wifi_snr: 90.0
