timestamp: 1745177619.955304
battery: 68
height_cm: 70
flight_time_s: 57
speed_x: 0
speed_y: 0
speed_z: 0
acc_x: 21.0
acc_y: -13.0
acc_z: -987.0
tof_cm: 89
temperature_C: 82.5
pitch: 0.0
roll: 0.0
yaw: -127.0
barometer_cm: -38.959312
wifi_snr: 90.0
