timestamp: 1745176795.808319
battery: 90
height_cm: 60
flight_time_s: 7
speed_x: 0
speed_y: 0
speed_z: 0
acc_x: 15.0
acc_y: -5.0
acc_z: -986.0
tof_cm: 78
temperature_C: 89.5
pitch: 0.0
roll: 0.0
yaw: 0.0
barometer_cm: -39.791683
wifi_snr: 90.0
