timestamp: 1745175807.51125
battery: 34
height_cm: 60
flight_time_s: 25
speed_x: 0
speed_y: 0
speed_z: 0
acc_x: -26.0
acc_y: -22.0
acc_z: -1011.0
tof_cm: 74
temperature_C: 76.5
pitch: 0.0
roll: 1.0
yaw: 0.0
barometer_cm: -41.030384
wifi_snr: 90.0
