timestamp: 1745177113.9351082
battery: 80
height_cm: 60
flight_time_s: 8
speed_x: 0
speed_y: 0
speed_z: 0
acc_x: 4.0
acc_y: -6.0
acc_z: -1004.0
tof_cm: 79
temperature_C: 83.5
pitch: 0.0
roll: 1.0
yaw: 0.0
barometer_cm: -39.612103
wifi_snr: 90.0
