timestamp: 1745177133.8235798
battery: 80
height_cm: 60
flight_time_s: 28
speed_x: 0
speed_y: 0
speed_z: 0
acc_x: -21.0
acc_y: 7.0
acc_z: -1023.0
tof_cm: 79
temperature_C: 81.5
pitch: 0.0
roll: 1.0
yaw: 0.0
barometer_cm: -39.583027
wifi_snr: 90.0
