timestamp: 1745176807.845886
battery: 90
height_cm: 60
flight_time_s: 19
speed_x: 0
speed_y: 0
speed_z: 0
acc_x: 5.0
acc_y: 0.0
acc_z: -1010.0
tof_cm: 76
temperature_C: 87.0
pitch: 1.0
roll: 1.0
yaw: 0.0
barometer_cm: -39.695122
wifi_snr: 90.0
