timestamp: 1745177123.782928
battery: 80
height_cm: 60
flight_time_s: 18
speed_x: 0
speed_y: 0
speed_z: 0
acc_x: 15.0
acc_y: -23.0
acc_z: -998.0
tof_cm: 79
temperature_C: 82.5
pitch: 0.0
roll: 1.0
yaw: 0.0
barometer_cm: -39.760494
wifi_snr: 90.0
