timestamp: 1745177135.693137
battery: 80
height_cm: 60
flight_time_s: 30
speed_x: 0
speed_y: 0
speed_z: 0
acc_x: -7.0
acc_y: -22.0
acc_z: -1005.0
tof_cm: 79
temperature_C: 80.5
pitch: 0.0
roll: 1.0
yaw: 0.0
barometer_cm: -39.58255
wifi_snr: 90.0
