timestamp: 1745177151.803523
battery: 80
height_cm: 0
flight_time_s: 44
speed_x: 0
speed_y: 0
speed_z: 0
acc_x: -608.0
acc_y: -126.0
acc_z: -921.0
tof_cm: 10
temperature_C: 81.5
pitch: -33.0
roll: -1.0
yaw: 88.0
barometer_cm: -40.269676
wifi_snr: 90.0
