timestamp: 1745175812.4810119
battery: 34
height_cm: 60
flight_time_s: 30
speed_x: 0
speed_y: 0
speed_z: 0
acc_x: 25.0
acc_y: -14.0
acc_z: -981.0
tof_cm: 72
temperature_C: 76.0
pitch: 0.0
roll: 2.0
yaw: -1.0
barometer_cm: -41.065445
wifi_snr: 90.0
