timestamp: 1745177148.415501
battery: 80
height_cm: 60
flight_time_s: 43
speed_x: 0
speed_y: 0
speed_z: 0
acc_x: -22.0
acc_y: 38.0
acc_z: -996.0
tof_cm: 80
temperature_C: 80.5
pitch: 9.0
roll: -3.0
yaw: -21.0
barometer_cm: -39.734604
wifi_snr: 90.0
