timestamp: 1745177150.283205
battery: 80
height_cm: 0
flight_time_s: 44
speed_x: 1
speed_y: 2
speed_z: 2
acc_x: -290.0
acc_y: 414.0
acc_z: 1089.0
tof_cm: 10
temperature_C: 80.5
pitch: -12.0
roll: -154.0
yaw: 170.0
barometer_cm: -40.206261
wifi_snr: 90.0
