timestamp: 1745175815.261746
battery: 33
height_cm: 60
flight_time_s: 32
speed_x: 0
speed_y: 0
speed_z: 0
acc_x: 13.0
acc_y: -7.0
acc_z: -1002.0
tof_cm: 78
temperature_C: 76.0
pitch: 0.0
roll: 1.0
yaw: -1.0
barometer_cm: -41.048943
wifi_snr: 90.0
