timestamp: 1745176169.302218
battery: 8
height_cm: 10
flight_time_s: 36
speed_x: 0
speed_y: 0
speed_z: 0
acc_x: 4.0
acc_y: -23.0
acc_z: -997.0
tof_cm: 29
temperature_C: 82.0
pitch: 0.0
roll: 1.0
yaw: 0.0
barometer_cm: -41.111141
wifi_snr: 90.0
