timestamp: 1745175794.5637262
battery: 34
height_cm: 60
flight_time_s: 12
speed_x: 0
speed_y: 0
speed_z: 0
acc_x: 2.0
acc_y: 4.0
acc_z: -1013.0
tof_cm: 78
temperature_C: 76.5
pitch: 0.0
roll: 1.0
yaw: 0.0
barometer_cm: -41.031841
wifi_snr: 90.0
