timestamp: 1745176831.459445
battery: 90
height_cm: 60
flight_time_s: 42
speed_x: 0
speed_y: 0
speed_z: 0
acc_x: 23.0
acc_y: -4.0
acc_z: -993.0
tof_cm: 79
temperature_C: 82.5
pitch: 0.0
roll: 0.0
yaw: 0.0
barometer_cm: -39.694366
wifi_snr: 90.0
