timestamp: 1745177114.8297338
battery: 80
height_cm: 60
flight_time_s: 9
speed_x: 0
speed_y: 0
speed_z: 0
acc_x: -11.0
acc_y: 5.0
acc_z: -1008.0
tof_cm: 82
temperature_C: 83.0
pitch: 0.0
roll: 0.0
yaw: 0.0
barometer_cm: -39.707146
wifi_snr: 90.0
