timestamp: 1745176808.289236
battery: 90
height_cm: 60
flight_time_s: 19
speed_x: 0
speed_y: 0
speed_z: 0
acc_x: 0.0
acc_y: -8.0
acc_z: -1006.0
tof_cm: 76
temperature_C: 86.5
pitch: 1.0
roll: 1.0
yaw: 0.0
barometer_cm: -39.659225
wifi_snr: 90.0
