timestamp: 1745175809.2446458
battery: 34
height_cm: 60
flight_time_s: 26
speed_x: 0
speed_y: 0
speed_z: 0
acc_x: -2.0
acc_y: -12.0
acc_z: -1008.0
tof_cm: 71
temperature_C: 76.5
pitch: 0.0
roll: 1.0
yaw: 0.0
barometer_cm: -41.014076
wifi_snr: 90.0
