timestamp: 1745177136.226783
battery: 80
height_cm: 60
flight_time_s: 31
speed_x: 0
speed_y: 0
speed_z: 0
acc_x: -4.0
acc_y: -22.0
acc_z: -1003.0
tof_cm: 79
temperature_C: 80.5
pitch: 0.0
roll: 1.0
yaw: 0.0
barometer_cm: -39.630531
wifi_snr: 90.0
