timestamp: 1745176148.172528
battery: 8
height_cm: 10
flight_time_s: 15
speed_x: 0
speed_y: 0
speed_z: 0
acc_x: 10.0
acc_y: 0.0
acc_z: -1002.0
tof_cm: 30
temperature_C: 86.0
pitch: 0.0
roll: 1.0
yaw: 0.0
barometer_cm: -41.091923
wifi_snr: 90.0
