timestamp: 1745175827.025845
battery: 30
height_cm: 60
flight_time_s: 44
speed_x: 0
speed_y: 0
speed_z: 0
acc_x: 13.0
acc_y: -11.0
acc_z: -987.0
tof_cm: 72
temperature_C: 75.5
pitch: 0.0
roll: 0.0
yaw: 0.0
barometer_cm: -41.072803
wifi_snr: 90.0
