timestamp: 1745176845.1900501
battery: 88
height_cm: 60
flight_time_s: 56
speed_x: 0
speed_y: 0
speed_z: 0
acc_x: -9.0
acc_y: -2.0
acc_z: -1020.0
tof_cm: 80
temperature_C: 81.5
pitch: 0.0
roll: 0.0
yaw: 0.0
barometer_cm: -39.632713
wifi_snr: 90.0
