timestamp: 1745176844.745217
battery: 88
height_cm: 60
flight_time_s: 56
speed_x: 0
speed_y: 0
speed_z: 0
acc_x: 0.0
acc_y: 1.0
acc_z: -1004.0
tof_cm: 81
temperature_C: 81.5
pitch: 0.0
roll: 0.0
yaw: 0.0
barometer_cm: -39.616364
wifi_snr: 90.0
