timestamp: 1745176807.297042
battery: 90
height_cm: 60
flight_time_s: 18
speed_x: 0
speed_y: 0
speed_z: 0
acc_x: -4.0
acc_y: 8.0
acc_z: -1010.0
tof_cm: 75
temperature_C: 87.0
pitch: 1.0
roll: 1.0
yaw: 0.0
barometer_cm: -39.661892
wifi_snr: 90.0
