timestamp: 1745175793.7993972
battery: 34
height_cm: 60
flight_time_s: 11
speed_x: 0
speed_y: 0
speed_z: 0
acc_x: 28.0
acc_y: -19.0
acc_z: -995.0
tof_cm: 80
temperature_C: 77.0
pitch: 0.0
roll: 1.0
yaw: 0.0
barometer_cm: -41.109695
wifi_snr: 90.0
