timestamp: 1745177131.527977
battery: 80
height_cm: 60
flight_time_s: 26
speed_x: 0
speed_y: 0
speed_z: 0
acc_x: -21.0
acc_y: 3.0
acc_z: -1016.0
tof_cm: 80
temperature_C: 81.5
pitch: 0.0
roll: 0.0
yaw: 0.0
barometer_cm: -39.673775
wifi_snr: 90.0
