timestamp: 1745175798.015284
battery: 34
height_cm: 60
flight_time_s: 15
speed_x: 0
speed_y: 0
speed_z: 0
acc_x: -20.0
acc_y: -7.0
acc_z: -1005.0
tof_cm: 81
temperature_C: 77.0
pitch: 0.0
roll: 1.0
yaw: 0.0
barometer_cm: -41.037338
wifi_snr: 90.0
