timestamp: 1745176842.8838751
battery: 89
height_cm: 60
flight_time_s: 54
speed_x: 0
speed_y: 0
speed_z: 0
acc_x: -2.0
acc_y: -11.0
acc_z: -992.0
tof_cm: 80
temperature_C: 81.5
pitch: 0.0
roll: 0.0
yaw: 0.0
barometer_cm: -39.576008
wifi_snr: 90.0
