timestamp: 1745175808.8023639
battery: 34
height_cm: 60
flight_time_s: 26
speed_x: 0
speed_y: 0
speed_z: 0
acc_x: 21.0
acc_y: -19.0
acc_z: -1006.0
tof_cm: 71
temperature_C: 76.0
pitch: 0.0
roll: 1.0
yaw: 0.0
barometer_cm: -41.002148
wifi_snr: 90.0
