timestamp: 1745175811.519648
battery: 34
height_cm: 60
flight_time_s: 29
speed_x: 0
speed_y: 0
speed_z: 0
acc_x: 34.0
acc_y: 18.0
acc_z: -1016.0
tof_cm: 69
temperature_C: 76.5
pitch: 0.0
roll: 1.0
yaw: 4.0
barometer_cm: -41.026672
wifi_snr: 90.0
