timestamp: 1745177115.715611
battery: 80
height_cm: 60
flight_time_s: 10
speed_x: 0
speed_y: 0
speed_z: 0
acc_x: -1.0
acc_y: -13.0
acc_z: -1018.0
tof_cm: 81
temperature_C: 82.5
pitch: 0.0
roll: 1.0
yaw: 0.0
barometer_cm: -39.676582
wifi_snr: 90.0
