timestamp: 1745176024.8486521
battery: 17
height_cm: 80
flight_time_s: 31
speed_x: 0
speed_y: 0
speed_z: 0
acc_x: -11.0
acc_y: -3.0
acc_z: -1008.0
tof_cm: 83
temperature_C: 82.5
pitch: 0.0
roll: 1.0
yaw: 0.0
barometer_cm: -40.673271
wifi_snr: 90.0
