timestamp: 1745176810.912014
battery: 90
height_cm: 60
flight_time_s: 22
speed_x: 0
speed_y: 0
speed_z: 0
acc_x: -6.0
acc_y: 7.0
acc_z: -1023.0
tof_cm: 80
temperature_C: 85.5
pitch: 0.0
roll: 0.0
yaw: 0.0
barometer_cm: -39.650173
wifi_snr: 90.0
