timestamp: 1745175424.568505
battery: 90
height_cm: 0
flight_time_s: 18
speed_x: 0
speed_y: 0
speed_z: 0
pitch: 0.0
roll: -2.0
yaw: 9.0
acc_x: -188.0
acc_y: -159.0
acc_z: -1106.0
barometer_cm: -42.187386
tof_cm: 10
temperature_C: 80.5
wifi_snr: 90.0
