timestamp: 1745175529.582336
battery: 31
height_cm: 0
flight_time_s: 0
speed_x: 0
speed_y: 0
speed_z: 0
pitch: 12.0
roll: -21.0
yaw: 147.0
acc_x: 287.0
acc_y: 736.0
acc_z: -947.0
barometer_cm: -42.113293
tof_cm: 10
temperature_C: 61.5
wifi_snr: 90.0
