timestamp: 1745177111.181761
battery: 80
height_cm: 60
flight_time_s: 6
speed_x: 0
speed_y: 0
speed_z: 0
acc_x: 7.0
acc_y: -4.0
acc_z: -992.0
tof_cm: 76
temperature_C: 84.0
pitch: 1.0
roll: 0.0
yaw: 0.0
barometer_cm: -39.699474
wifi_snr: 90.0
