timestamp: 1745176168.8479161
battery: 8
height_cm: 10
flight_time_s: 35
speed_x: 0
speed_y: 0
speed_z: 0
acc_x: 29.0
acc_y: -23.0
acc_z: -1000.0
tof_cm: 28
temperature_C: 82.5
pitch: 0.0
roll: 1.0
yaw: 0.0
barometer_cm: -41.053608
wifi_snr: 90.0
