timestamp: 1745177134.7090402
battery: 80
height_cm: 60
flight_time_s: 29
speed_x: 0
speed_y: 0
speed_z: 0
acc_x: 19.0
acc_y: -4.0
acc_z: -1001.0
tof_cm: 79
temperature_C: 80.5
pitch: 0.0
roll: 1.0
yaw: 0.0
barometer_cm: -39.613434
wifi_snr: 90.0
