timestamp: 1745176821.478708
battery: 90
height_cm: 70
flight_time_s: 32
speed_x: 0
speed_y: 0
speed_z: 0
acc_x: -25.0
acc_y: 13.0
acc_z: -1010.0
tof_cm: 83
temperature_C: 84.0
pitch: 0.0
roll: 0.0
yaw: 0.0
barometer_cm: -39.555023
wifi_snr: 90.0
