timestamp: 1745176146.004357
battery: 8
height_cm: 10
flight_time_s: 12
speed_x: 0
speed_y: 0
speed_z: 0
acc_x: 15.0
acc_y: -20.0
acc_z: -986.0
tof_cm: 30
temperature_C: 86.5
pitch: 0.0
roll: 0.0
yaw: 0.0
barometer_cm: -41.077087
wifi_snr: 90.0
