timestamp: 1745176821.913286
battery: 90
height_cm: 70
flight_time_s: 33
speed_x: 0
speed_y: 0
speed_z: 0
acc_x: 9.0
acc_y: -5.0
acc_z: -1000.0
tof_cm: 82
temperature_C: 84.0
pitch: 1.0
roll: 0.0
yaw: 0.0
barometer_cm: -39.559799
wifi_snr: 90.0
