timestamp: 1745176007.454839
battery: 17
height_cm: 80
flight_time_s: 14
speed_x: 0
speed_y: 0
speed_z: 0
acc_x: 29.0
acc_y: -12.0
acc_z: -990.0
tof_cm: 82
temperature_C: 86.0
pitch: 0.0
roll: 0.0
yaw: 0.0
barometer_cm: -40.765446
wifi_snr: 90.0
