timestamp: 1745175797.5780191
battery: 34
height_cm: 60
flight_time_s: 15
speed_x: 0
speed_y: 0
speed_z: 0
acc_x: 0.0
acc_y: -7.0
acc_z: -987.0
tof_cm: 82
temperature_C: 76.5
pitch: 0.0
roll: 1.0
yaw: 0.0
barometer_cm: -41.063034
wifi_snr: 90.0
