timestamp: 1745175806.861948
battery: 34
height_cm: 60
flight_time_s: 24
speed_x: 0
speed_y: 0
speed_z: 0
acc_x: -22.0
acc_y: -7.0
acc_z: -996.0
tof_cm: 77
temperature_C: 76.5
pitch: 0.0
roll: 1.0
yaw: 0.0
barometer_cm: -40.942684
wifi_snr: 90.0
