timestamp: 1745176012.046956
battery: 17
height_cm: 80
flight_time_s: 18
speed_x: 0
speed_y: 0
speed_z: 0
acc_x: 19.0
acc_y: -11.0
acc_z: -988.0
tof_cm: 82
temperature_C: 84.5
pitch: 0.0
roll: 1.0
yaw: 0.0
barometer_cm: -40.794685
wifi_snr: 90.0
