timestamp: 1745176166.645241
battery: 8
height_cm: 10
flight_time_s: 33
speed_x: 0
speed_y: 0
speed_z: 0
acc_x: 17.0
acc_y: -17.0
acc_z: -995.0
tof_cm: 31
temperature_C: 82.5
pitch: 0.0
roll: 1.0
yaw: 0.0
barometer_cm: -41.053871
wifi_snr: 90.0
