timestamp: 1745176830.039028
battery: 90
height_cm: 60
flight_time_s: 41
speed_x: 0
speed_y: 0
speed_z: 0
acc_x: 21.0
acc_y: -18.0
acc_z: -998.0
tof_cm: 79
temperature_C: 83.0
pitch: 0.0
roll: 1.0
yaw: 0.0
barometer_cm: -39.61491
wifi_snr: 90.0
