timestamp: 1745177109.862901
battery: 80
height_cm: 60
flight_time_s: 4
speed_x: 0
speed_y: 0
speed_z: 0
acc_x: -9.0
acc_y: 7.0
acc_z: -1013.0
tof_cm: 75
temperature_C: 84.0
pitch: 0.0
roll: 0.0
yaw: 0.0
barometer_cm: -39.739532
wifi_snr: 90.0
