timestamp: 1745176012.9127822
battery: 17
height_cm: 80
flight_time_s: 19
speed_x: 0
speed_y: 0
speed_z: 0
acc_x: -9.0
acc_y: 6.0
acc_z: -1005.0
tof_cm: 80
temperature_C: 84.5
pitch: 0.0
roll: 0.0
yaw: 0.0
barometer_cm: -40.721867
wifi_snr: 90.0
