timestamp: 1745177125.115527
battery: 80
height_cm: 60
flight_time_s: 20
speed_x: 0
speed_y: 0
speed_z: 0
acc_x: 0.0
acc_y: -19.0
acc_z: -1004.0
tof_cm: 80
temperature_C: 82.0
pitch: 0.0
roll: 1.0
yaw: 0.0
barometer_cm: -39.690746
wifi_snr: 90.0
