timestamp: 1745176023.98596
battery: 17
height_cm: 80
flight_time_s: 30
speed_x: 0
speed_y: 0
speed_z: 0
acc_x: 4.0
acc_y: -12.0
acc_z: -994.0
tof_cm: 81
temperature_C: 82.5
pitch: 0.0
roll: 1.0
yaw: 0.0
barometer_cm: -40.789059
wifi_snr: 90.0
