timestamp: 1745177136.659817
battery: 80
height_cm: 60
flight_time_s: 31
speed_x: 0
speed_y: 0
speed_z: 0
acc_x: 9.0
acc_y: -24.0
acc_z: -994.0
tof_cm: 78
temperature_C: 82.0
pitch: 0.0
roll: 1.0
yaw: 0.0
barometer_cm: -39.609974
wifi_snr: -39.609974
