timestamp: 1745175818.319339
battery: 32
height_cm: 60
flight_time_s: 35
speed_x: 0
speed_y: 0
speed_z: 0
acc_x: 6.0
acc_y: -35.0
acc_z: -978.0
tof_cm: 70
temperature_C: 75.0
pitch: 0.0
roll: 1.0
yaw: 0.0
barometer_cm: -41.059814
wifi_snr: 90.0
