timestamp: 1745175813.356729
battery: 33
height_cm: 60
flight_time_s: 30
speed_x: 0
speed_y: 1
speed_z: 0
acc_x: -16.0
acc_y: 28.0
acc_z: -974.0
tof_cm: 75
temperature_C: 76.0
pitch: 0.0
roll: -1.0
yaw: 89.0
barometer_cm: -41.103706
wifi_snr: 90.0
