timestamp: 1745175827.673185
battery: 30
height_cm: 60
flight_time_s: 45
speed_x: 0
speed_y: 0
speed_z: 0
acc_x: 13.0
acc_y: -10.0
acc_z: -1007.0
tof_cm: 73
temperature_C: 76.0
pitch: 0.0
roll: 1.0
yaw: 0.0
barometer_cm: -41.093994
wifi_snr: 90.0
