timestamp: 1745176831.9953191
battery: 90
height_cm: 60
flight_time_s: 43
speed_x: 0
speed_y: 0
speed_z: 0
acc_x: -10.0
acc_y: -1.0
acc_z: -1011.0
tof_cm: 79
temperature_C: 82.5
pitch: 1.0
roll: 0.0
yaw: 0.0
barometer_cm: -39.658062
wifi_snr: 90.0
