timestamp: 1745176796.4515562
battery: 90
height_cm: 60
flight_time_s: 7
speed_x: 0
speed_y: 0
speed_z: 0
acc_x: 1.0
acc_y: 11.0
acc_z: -998.0
tof_cm: 79
temperature_C: 89.5
pitch: 1.0
roll: 0.0
yaw: 0.0
barometer_cm: -39.723705
wifi_snr: 90.0
