timestamp: 1745176808.944403
battery: 90
height_cm: 60
flight_time_s: 20
speed_x: 0
speed_y: 0
speed_z: 0
acc_x: 9.0
acc_y: -11.0
acc_z: -1002.0
tof_cm: 78
temperature_C: 86.5
pitch: 1.0
roll: 1.0
yaw: 0.0
barometer_cm: -39.613316
wifi_snr: 90.0
