timestamp: 1745175816.76447
battery: 32
height_cm: 60
flight_time_s: 34
speed_x: 0
speed_y: 0
speed_z: 0
acc_x: -8.0
acc_y: -11.0
acc_z: -1002.0
tof_cm: 71
temperature_C: 76.0
pitch: 0.0
roll: 1.0
yaw: 0.0
barometer_cm: None
wifi_snr: -40.969582
