timestamp: 1745176012.483697
battery: 17
height_cm: 80
flight_time_s: 19
speed_x: 0
speed_y: 0
speed_z: 0
acc_x: -1.0
acc_y: -3.0
acc_z: -1013.0
tof_cm: 81
temperature_C: 84.5
pitch: 0.0
roll: 0.0
yaw: 0.0
barometer_cm: -40.901001
wifi_snr: 90.0
