timestamp: 1745177112.933978
battery: 80
height_cm: 60
flight_time_s: 7
speed_x: 0
speed_y: 0
speed_z: 0
acc_x: 30.0
acc_y: 0.0
acc_z: -992.0
tof_cm: 75
temperature_C: 83.5
pitch: 0.0
roll: 0.0
yaw: 0.0
barometer_cm: -39.706554
wifi_snr: 90.0
