timestamp: 1745175242.6227698
battery: 22
height_cm: 0
flight_time_s: 0
speed_x: 0
speed_y: 0
speed_z: 0
pitch: 0.0
roll: 0.0
yaw: 0.0
acc_x: -7.0
acc_y: 2.0
acc_z: -998.0
barometer_cm: -41.864914
tof_cm: 10
temperature_C: 89.5
wifi_snr: 90.0
